# clearance 0.5 mm per side, hole half width 10.5 mm, initial tilt 2 deg about y, peg centre over the hole
# t_ms  x_mm  z_mm  tilt_deg  contacts
   0    0.00   31.26    2.00 0
   8    0.00   29.80    2.00 0
  16    0.75   29.36    3.53 2
  24    2.02   28.85    6.02 2
  32    3.77   28.02    9.56 2
  40    6.04   26.74   14.30 2
  48    8.79   24.83   20.42 2
  56   11.44   22.10   29.31 2
  64   13.66   18.70   41.41 4
  72   15.44   15.15   56.92 4
  80   17.31   12.16   75.11 4
  88   19.73   10.10   90.53 2
  96   20.67   10.31   91.80 2
 104   21.25   10.18   91.08 2
 112   21.38   10.00   90.00 8
